"""Boxing keyframe sequences (arm-only).

Each frame is 8 absolute joint angles (radians) in ARM_JOINT_NAMES order. These
values were RECORDED ON THE T1 in KyleAlanJeffrey/booster. K1 arm geometry and
limits differ, so run at --speed slow first and re-tune / re-record on the K1 if a
pose looks wrong. Use himpublic/code/motion_capture.py to capture K1-native poses.
"""

from .joints import K1_ARM_JOINT_INDICES
from .helpers import tuple_to_joint_dict

RIGHT_PUNCH = [
    (0.2328, -1.4961, -0.0867, -1.5678, -0.6416, 1.4915, 0.3954, 2.0069),
    (0.2328, -1.4961, -0.0867, -1.5678, -1.0247, 1.6176, 0.4000, 1.6870),
    (0.2328, -1.4961, -0.0867, -1.5682, -1.2525, 1.6660, 0.4997, 1.3327),
    (0.2320, -1.4964, -0.0859, -1.5685, -1.4669, 1.6667, 0.7110, 0.9676),
]

RIGHT_UPPERCUT = [
    (-0.7589, -1.3272, 0.5087, -1.9598, -0.7834, 1.3089, 0.4808, 1.9911),
    (-0.6712, -1.6545, 0.3752, -1.8362, -0.7120, 1.5992, 0.6231, 1.8885),
    (-0.7086, -1.6560, 0.4858, -2.0098, -0.6197, 1.6442, 0.4610, 1.8248),
    (-0.6601, -1.6556, 0.4992, -1.9991, -0.9302, 1.6503, 0.3977, 1.7142),
    (-0.5594, -1.6552, 0.6956, -2.0361, -1.1946, 1.6461, 0.1860, 1.6032),
    (-0.4450, -1.6549, 0.6994, -2.0739, -1.4883, 1.6461, 0.0853, 1.3529),
    (-0.7341, -1.6560, 0.6491, -1.8629, -1.7115, 1.6366, 0.0868, 1.1816),
    (-0.8078, -1.6564, 0.5613, -1.8622, -1.3666, 1.6625, 0.1749, 1.5169),
    (-0.7349, -1.6560, 0.4988, -1.8633, -1.0569, 1.6747, 0.3847, 1.7004),
    (-0.7345, -1.6552, 0.3992, -1.8282, -0.7212, 1.6476, 0.4976, 1.9247),
    (-0.7589, -1.3272, 0.5087, -1.9598, -0.7834, 1.3089, 0.4808, 1.9911),
]

LEFT_PUNCH = [
    (-0.8276, -1.4052, 0.1277, -1.9659, -0.8936, 1.6640, 0.6727, 1.2729),
    (-1.2748, -1.4056, 0.2784, -1.4661, -0.8932, 1.6640, 0.6727, 1.2725),
    (-1.6291, -1.4635, 0.5043, -0.9599, -0.8932, 1.6644, 0.6727, 1.2725),
    (-1.8082, -1.6357, 0.6481, -0.5592, -0.8936, 1.6648, 0.6727, 1.2729),
]

FIGHT_POSE_TO_BLOCK = [
    (-0.6037, -1.4313, 0.2897, -1.9636, -0.8318, 1.5374, 0.4053, 1.8648),
    (-0.9493, -1.6671, 0.1886, -1.8252, -1.0679, 1.6804, 0.2440, 1.7416),
    (-1.2644, -1.6926, 0.1806, -1.6272, -1.2598, 1.6919, 0.1326, 1.7393),
    (-1.5475, -1.7109, 0.1734, -1.4525, -1.4826, 1.7006, 0.1192, 1.6150),
]

BLOCK_TO_FIGHT_POSE = [
    (-1.5475, -1.7109, 0.1734, -1.4525, -1.4826, 1.7006, 0.1192, 1.6150),
    (-1.2644, -1.6926, 0.1806, -1.6272, -1.2598, 1.6919, 0.1326, 1.7393),
    (-0.9493, -1.6671, 0.1886, -1.8252, -1.0679, 1.6804, 0.2440, 1.7416),
    (-0.6037, -1.4313, 0.2897, -1.9636, -0.8318, 1.5374, 0.4053, 1.8648),
]

# The first frame of any punch sequence doubles as the neutral fight/guard stance.
FIGHT_STANCE = RIGHT_PUNCH[0]

VICTORY_ANIMATION = [
    (-0.7589, -1.3272, 0.5087, -1.9598, -0.7834, 1.3089, 0.4808, 1.9911),
    (-1.5177, -1.4203, 0.3882, -1.6596, -0.9916, 1.4626, 0.2840, 2.0552),
    (-1.9160, -1.0575, 0.3954, -1.3384, -1.8858, 0.8858, 0.1020, 1.7134),
    (-2.3077, -1.1116, 0.4973, -0.9894, -2.4420, 0.9518, 0.4797, 1.1900),
    (-1.8488, -0.9034, 0.2531, -1.4803, -2.2471, 0.7676, 0.4530, 1.2144),
    (-1.7569, -0.8847, 0.1791, -1.5124, -2.0781, 0.7241, 0.2070, 1.5028),
    (-1.4410, -1.4309, 0.2523, -1.8488, -1.4933, 1.3615, 0.2054, 1.8446),
    (-1.0576, -1.5080, 0.4412, -2.1723, -0.9680, 1.5488, 0.3550, 2.1017),
    (-0.7589, -1.3272, 0.5087, -1.9598, -0.7834, 1.3089, 0.4808, 1.9911),
]


def _as_dicts(sequence):
    """Convert raw angle tuples into index->angle dicts for the active mapping."""
    return [tuple_to_joint_dict(K1_ARM_JOINT_INDICES, frame) for frame in sequence]


RIGHT_PUNCH = _as_dicts(RIGHT_PUNCH)
RIGHT_UPPERCUT = _as_dicts(RIGHT_UPPERCUT)
LEFT_PUNCH = _as_dicts(LEFT_PUNCH)
FIGHT_POSE_TO_BLOCK = _as_dicts(FIGHT_POSE_TO_BLOCK)
BLOCK_TO_FIGHT_POSE = _as_dicts(BLOCK_TO_FIGHT_POSE)
VICTORY_ANIMATION = _as_dicts(VICTORY_ANIMATION)
FIGHT_STANCE = tuple_to_joint_dict(K1_ARM_JOINT_INDICES, FIGHT_STANCE)
